0.52342,277.91,0.246,-0.0034,0.261,-0.00433
0.53718,198.91,0.243,0.00394,0.265,0.0008
0.56284,222.19,0.256,-0.0052,0.296,-0.0051
0.59212,306.43,0.304,-0.0163,0.322,-0.0116
0.62269,236.36,0.308,-0.0152,0.306,-0.00886
0.63052,347.82,0.331,-0.0212,0.352,-0.0237
0.6588,319.7,0.32,-0.0162,0.373,-0.0275
0.69896,280.62,0.347,-0.0277,0.376,-0.0225
0.72323,296.71,0.363,-0.0263,0.425,-0.0267
0.74404,323.84,0.404,-0.0309,0.403,-0.0347
0.76039,252.34,0.466,-0.037,0.491,-0.0382
0.78788,301.26,0.401,-0.0406,0.438,-0.0323
0.82339,192.85,0.373,-0.0266,0.417,-0.0184
0.84023,212.17,0.417,-0.0321,0.424,-0.0151
0.87005,325.16,0.454,-0.0439,0.486,-0.0448
0.88084,230.57,0.408,-0.0322,0.436,-0.0252
0.91773,313,0.464,-0.0424,0.508,-0.0448
0.93817,247.52,0.463,-0.0361,0.492,-0.0364
0.95644,367.1,0.495,-0.0651,0.551,-0.0577
0.99683,204.22,0.446,-0.0333,0.492,-0.0336
1.0238,370.91,0.54,-0.0694,0.57,-0.0736
1.0265,217.32,0.467,-0.0347,0.516,-0.042
1.0559,255.69,0.496,-0.0486,0.535,-0.0532
1.088,208.17,0.48,-0.0402,0.506,-0.0342
1.1075,229.64,0.504,-0.0407,0.53,-0.0354
1.13,364.19,0.569,-0.0715,0.612,-0.0852
1.161,289.48,0.548,-0.0596,0.589,-0.061
1.1969,244.46,0.527,-0.0609,0.563,-0.0601
1.2061,184.12,0.494,-0.0442,0.538,-0.0357
1.2265,379.19,0.612,-0.0909,0.663,-0.0945
1.2649,350.04,0.605,-0.0906,0.658,-0.0867
1.2965,264.39,0.578,-0.0661,0.628,-0.0654
1.3198,292.68,0.608,-0.0836,0.635,-0.0765
1.3449,358.64,0.65,-0.0843,0.654,-0.0949
1.3536,268.61,0.575,-0.077,0.62,-0.0703
1.3984,337.56,0.636,-0.0914,0.679,-0.0934
1.4091,330.26,0.64,-0.0912,0.693,-0.102
1.4313,340.13,0.635,-0.0988,0.687,-0.102
1.468,273.83,0.614,-0.0825,0.666,-0.0888
1.4791,187.57,0.543,-0.0568,0.563,-0.0526
1.0056,375.09,0.519,-0.0669,0.552,-0.0669
1.0268,319.37,0.52,-0.0596,0.558,-0.054
1.0698,330.47,0.529,-0.0666,0.579,-0.0608
1.094,339.57,0.538,-0.0705,0.596,-0.0713
1.1009,351.7,0.553,-0.0751,0.608,-0.0703
1.1489,314.28,0.556,-0.0665,0.603,-0.0661
1.1524,368.95,0.594,-0.081,0.62,-0.0781
1.1829,358.27,0.581,-0.0842,0.625,-0.0798
1.2185,394.71,0.615,-0.0858,0.658,-0.0858
1.2327,395.43,0.619,-0.0961,0.657,-0.0917
1.2565,367.14,0.615,-0.086,0.659,-0.091
1.2857,327.16,0.595,-0.084,0.639,-0.084
1.3056,308,0.608,-0.0745,0.634,-0.0796
1.329,391.53,0.644,-0.103,0.685,-0.102
1.3737,374.56,0.658,-0.0971,0.704,-0.0998
1.3911,384.13,0.655,-0.102,0.699,-0.103
1.4239,354.82,0.66,-0.0996,0.7,-0.0988
1.4323,324.08,0.628,-0.0887,0.68,-0.0928
1.464,345.84,0.669,-0.1,0.703,-0.0976
1.4913,312.15,0.653,-0.094,0.692,-0.0943
1.5217,355.81,0.684,-0.11,0.724,-0.105
1.5367,399.64,0.697,-0.117,0.744,-0.119
1.5525,387.55,0.7,-0.114,0.744,-0.117
1.5874,316.41,0.654,-0.0995,0.71,-0.103
1.6023,333.71,0.683,-0.107,0.718,-0.106
1.6268,320.37,0.677,-0.105,0.711,-0.0981
1.6707,372.13,0.719,-0.122,0.765,-0.121
1.6763,360.66,0.712,-0.118,0.75,-0.122
1.7109,329.3,0.691,-0.11,0.737,-0.108
1.7335,303.75,0.684,-0.103,0.72,-0.104
1.7558,302.17,0.682,-0.11,0.729,-0.104
1.7828,344.21,0.713,-0.117,0.764,-0.124
1.8032,385.4,0.759,-0.134,0.783,-0.135
1.8264,307.41,0.696,-0.113,0.738,-0.106
1.859,379.54,0.749,-0.133,0.785,-0.137
1.8971,335.08,0.73,-0.123,0.771,-0.122
1.9117,340.84,0.736,-0.127,0.771,-0.126
1.9381,381.54,0.767,-0.146,0.816,-0.147
1.962,362.72,0.758,-0.138,0.791,-0.138
1.984,347.54,0.746,-0.137,0.791,-0.132
0.50543,188.51117,0.219,0.00155,0.237,0.0021
0.52031,221.8774,0.24,-0.0043,0.261,-0.00459
0.53048,272.2821,0.245,-0.0051,0.267,-0.00705
0.54302,185.32319,0.245,-0.0108,0.253,-0.00142
0.55981,326.02771,0.28,-0.015,0.303,-0.00694
0.57473,202.86707,0.26,-0.0044,0.276,-0.0112
0.58072,268.09677,0.278,-0.0038,0.305,-0.0138
0.59274,346.85828,0.305,-0.0136,0.325,-0.0163
0.60709,196.06899,0.291,-0.0092,0.299,-0.00452
0.6163,339.71926,0.309,-0.0197,0.359,-0.0202
0.62542,263.12421,0.293,-0.0207,0.327,-0.0186
0.64206,258.87482,0.313,-0.0157,0.335,-0.0168
0.65113,286.76188,0.337,-0.0229,0.346,-0.0171
0.66409,231.65576,0.32,-0.0084,0.345,-0.0177
0.68581,295.2597,0.349,-0.0224,0.382,-0.0282
0.69017,336.56739,0.351,-0.0247,0.384,-0.0262
0.70648,324.16465,0.377,-0.0265,0.392,-0.0276
0.71785,215.20289,0.331,-0.0158,0.369,-0.0145
0.72629,201.05375,0.328,-0.0152,0.363,-0.0173
0.74074,248.15406,0.351,-0.0253,0.378,-0.0252
0.76125,209.50423,0.352,-0.015,0.375,-0.0198
0.76519,329.79973,0.391,-0.0326,0.43,-0.0324
0.78396,343.53776,0.428,-0.0415,0.456,-0.039
0.7945,315.34394,0.416,-0.0389,0.455,-0.0307
0.80363,183.5516,0.373,-0.0232,0.396,-0.0111
0.82258,240.23178,0.399,-0.024,0.417,-0.0279
0.82627,236.70452,0.401,-0.0305,0.437,-0.0242
0.8387,285.93158,0.419,-0.0341,0.458,-0.035
0.85571,230.35997,0.405,-0.0324,0.436,-0.026
0.87166,302.04616,0.441,-0.0485,0.48,-0.0383
0.88605,254.76843,0.44,-0.0286,0.451,-0.0313
0.88808,279.43583,0.449,-0.0389,0.47,-0.0406
0.91081,226.46073,0.428,-0.0289,0.462,-0.0336
0.91934,294.10819,0.461,-0.0419,0.498,-0.046
0.93198,310.99561,0.481,-0.0519,0.511,-0.0495
0.94607,274.91865,0.471,-0.0423,0.503,-0.0457
0.96049,245.05166,0.46,-0.0375,0.496,-0.0363
0.97206,303.46507,0.472,-0.0573,0.514,-0.0515
0.97501,211.83557,0.455,-0.0318,0.489,-0.0281
0.99721,320.20121,0.52,-0.056,0.541,-0.0511